1.23
3.67
7.89
1.45
2.79
9.06
4.32
6.78
8.25
3.98
2.16
7.41
9.63
2.87
4.29
5.71
0.53
3.96
7.42
1.85
2.79
6.04
8.28
3.75
5.96
9.31
1.62
7.43
8.94
6.75
2.38
9.10
4.52
7.84
6.26
8.59
3.71
2.93
7.85
9.17
1.48
3.90
5.32
7.74
2.06
4.48
6.90
1.32
3.74
8.16
2.58
4.90
7.32
1.74
4.16
6.58
0.90
3.32
5.74
8.16
2.58
5.90
8.32
1.74
4.06
6.48
0.90
3.22
5.64
8.06
2.48
5.80
8.22
1.64
4.06
6.48
0.84
3.16
5.58
7.90
2.42
5.84
8.16
1.58
3.90
6.32
0.74
3.06
5.48
7.90
2.32
4.74
7.16
1.58
3.90
6.32
0.74
2.16
4.58
7.00
2.42
4.84
7.26
1.68
4.00
6.42
0.84
3.26
5.68
8.10
2.52
4.94
7.36
1.78
4.20
6.62
0.94
3.36
5.78
8.20
2.62
5.04
7.46
1.88
4.30
6.72
1.04
3.46
5.88
8.30
2.72
5.14
7.56
1.98
4.40
6.82
1.14
3.56
5.98
8.40
2.82
5.24
7.66
2.08
4.50
6.92
1.24
3.66
6.08
8.50
2.92
5.34
7.76
2.18
4.60
7.02
1.34
3.76
6.18
8.60
3.02
5.44
7.86
2.28
4.70
7.12
1.44
3.86
6.28
8.70
3.12
5.54
7.96
2.38
4.80
7.22
1.54
3.96
6.38
8.80
3.22
5.64
8.06
2.48
4.90
7.32
1.64
4.06
6.48
8.90
3.32
5.74
8.16
2.58
5.00
7.42
1.74
4.16
6.58
9.00
3.42
5.84
8.26
2.68
5.10
7.52
1.84
4.26
6.68
9.10
3.52
5.94
8.36
2.78
5.20
7.62
1.94
4.36
6.78
9.20
3.62
6.04
8.46
2.88
5.30
7.72
2.04
4.46
6.88
9.30
3.72
6.14
8.56
2.98
5.40
7.82
2.14
4.56
6.98
9.40
3.82
6.24
8.66
3.08
5.50
7.92
2.24
4.66
7.08
9.50
3.92
6.34
8.76
3.18
5.60
8.02
2.34
4.76
7.18
9.60
4.02
6.44
8.86
3.28
5.70
8.12
2.44
4.86
7.28
9.70
4.12
6.54
8.96
3.38
5.80
8.22
2.54
4.96
7.38
9.80
4.22
6.64
9.06
3.48
5.90
8.32
2.64
4.96
7.48
9.90
4.32
6.74
9.16
3.58
6.00
8.42
2.74
5.06
7.58
9.96