1.01
2.75
3.89
4.56
5.22
6.37
7.98
8.54
9.60
1.72
2.08
3.14
4.95
5.60
6.27
7.49
8.11
9.34
1.59
2.63
3.75
4.87
5.99
6.23
7.78
8.45
9.15
1.35
2.77
3.56
4.38
5.10
6.12
7.24
8.09
9.40
1.82
2.04
3.68
4.50
5.71
6.33
7.95
8.67
9.01
1.73
2.14
3.25
4.36
5.47
6.58
7.69
8.80
9.91
1.02
2.13
3.24
4.35
5.46
6.57
7.68
8.79
9.90
1.01
2.12
3.23
4.34
5.45
6.56
7.67
8.78
9.89
1.00
2.11
3.22
4.33
5.44
6.55
7.66
8.77
9.88
0.99
2.10
3.21
4.32
5.43
6.54
7.65
8.76
9.87
0.98
2.09
3.20
4.31
5.42
6.53
7.64
8.75
9.86
0.97
2.08
3.19
4.30
5.41
6.52
7.63
8.74
9.85
0.96
2.07
3.18
4.29
5.40
6.51
7.62
8.73
9.84
0.95
2.06
3.17
4.28
5.39
6.50
7.61
8.72
9.83
0.94
2.05
3.16
4.27
5.38
6.49
7.60
8.71
9.82
0.93
2.04
3.15
4.26
5.37
6.48
7.59
8.70
9.81
0.92
2.03
3.14
4.25
5.36
6.47
7.58
8.69
9.80
0.91
2.02
3.13
4.24
5.35
6.46
7.57
8.68
9.79
0.90
2.01
3.12
4.23
5.34
6.45
7.56
8.67
9.78
0.89
2.00
3.11
4.22
5.33
6.44
7.55
8.66
9.77
0.88
1.99
3.10
4.21
5.32
6.43
7.54
8.65
9.76
0.87
1.98
3.09
4.20
5.31
6.42
7.53
8.64
9.75
0.86
1.97
3.08
4.19
5.30
6.41
7.52
8.63
9.74
0.85
1.96
3.07
4.18
5.29
6.40
7.51
8.62
9.73
0.84
1.95
3.06
4.17
5.28
6.39
7.50
8.61
9.72
0.83
1.94
3.05
4.16
5.27
6.38
7.49
8.60
9.71
0.82
1.93
3.04
4.15
5.26
6.37
7.48
8.59
9.70
0.81
1.92
3.03
4.14
5.25
6.36
7.47
8.58
9.69
0.80
1.91
3.02
4.13
5.24
6.35
7.46
8.57
9.68
0.79
1.90
3.01
4.12
5.23
6.34
7.45
8.56
9.67
0.78
1.89
3.00
4.11
5.22
6.33
7.44
8.55
9.66
0.77
1.88
2.99
4.10
5.21
6.32
7.43
8.54
9.65
0.76
1.87
2.98
4.09
5.20
6.31
7.42
8.53
9.64
0.75
1.86
2.97